cmblock,C1,node,1
(8i10)
      4839
cmblock,C2,node,1
(8i10)
      4840
cmblock,C3,node,1
(8i10)
      4841
cmblock,C4,node,1
(8i10)
      4842
cmblock,C5,node,1
(8i10)
      4843
cmblock,C6,node,1
(8i10)
      4844
cmblock,C7,node,1
(8i10)
      4845
cmblock,C8,node,132
(8i10)
       131       132       133       134       135       136       137       138
       139       140       141       142       143       144       145       146
       147       148       149       150       151       152       153       154
       155       156       157       158       159       160       161       162
       163       164       165       166       167       168       169       170
       171       172       173       174       175       176       177       178
       179      1844      1845      1846      1847      1848      1849      1850
      1851      1852      1853      1854      1855      1856      1857      1858
      1859      1860      1861      1863      1864      1865      1867      1868
      1870      1871      1873      1874      1876      1877      1879      1881
      1882      1884      1885      1887      1888      1890      1891      1893
      1894      1896      1897      1899      1900      1902      1903      1905
      1907      1909      1910      1911      1913      1914      1916      1917
      1919      1921      1922      1923      1925      1926      1928      1929
      1931      1932      1934      1936      1938      1940      1942      1944
      1946      1948      1950      1951      1953      1955      1958      1960
      1962      1964      1966      1968
